SimpleInstaller/SampleData/Maxave2013-01-17.asc
ncols         431
nrows         347
xllcorner     112
yllcorner     -44.6
cellsize      0.0999999999999943
NODATA_value  -9999
[rows 40 to 59 of 347, columns 46 to 91 of 431]
11.8088893890381 11.8199996948242 11.8344440460205 11.8344440460205 11.8488893508911 11.8666667938232 11.8666667938232 11.885555267334 11.9077777862549 11.9077777862549 11.9311113357544 11.9566669464111 11.9566669464111 11.9844446182251 12.0122222900391 12.0122222900391 12.0433330535889 12.0766668319702 12.0766668319702 12.1088886260986 12.1433334350586 12.1433334350586 12.1788892745972 12.2166662216187 12.2166662216187 12.256667137146 12.2911109924316 12.2911109924316 12.3311109542847 12.3688888549805 12.3688888549805 12.4111108779907 12.4455556869507 12.4455556869507 12.4844446182251 12.5244445800781 12.5244445800781 12.5611114501953 12.5966663360596 12.5966663360596 12.6311111450195 12.6677780151367 12.6677780151367 12.6988887786865 12.7311115264893 12.7311115264893
11.7700004577637 11.7822227478027 11.7944440841675 11.7944440841675 11.8088893890381 11.8277778625488 11.8277778625488 11.8466663360596 11.8699998855591 11.8699998855591 11.8988885879517 11.9244441986084 11.9244441986084 11.9577779769897 11.9888887405396 11.9888887405396 12.0233335494995 12.0633335113525 12.0633335113525 12.102222442627 12.1444444656372 12.1444444656372 12.1833333969116 12.2266664505005 12.2266664505005 12.2744445800781 12.317777633667 12.317777633667 12.3655557632446 12.4111108779907 12.4111108779907 12.4577779769897 12.5022220611572 12.5022220611572 12.5488891601562 12.595555305481 12.595555305481 12.6411113739014 12.6844444274902 12.6844444274902 12.7255554199219 12.7666664123535 12.7666664123535 12.8033332824707 12.8444442749023 12.8444442749023
11.6744441986084 11.6833333969116 11.6977777481079 11.6977777481079 11.7111110687256 11.7288885116577 11.7288885116577 11.7522220611572 11.777777671814 11.777777671814 11.8066663742065 11.8400001525879 11.8400001525879 11.8766670227051 11.9166669845581 11.9166669845581 11.960000038147 12.0033330917358 12.0033330917358 12.0500001907349 12.0966663360596 12.0966663360596 12.1466665267944 12.1988887786865 12.1988887786865 12.2533330917358 12.3077783584595 12.3077783584595 12.3633337020874 12.4188890457153 12.4188890457153 12.472222328186 12.527777671814 12.527777671814 12.5833330154419 12.6366662979126 12.6366662979126 12.6899995803833 12.7433338165283 12.7433338165283 12.7933330535889 12.8411111831665 12.8411111831665 12.8900003433228 12.9355554580688 12.9355554580688
11.6744441986084 11.6833333969116 11.6977777481079 11.6977777481079 11.7111110687256 11.7288885116577 11.7288885116577 11.7522220611572 11.777777671814 11.777777671814 11.8066663742065 11.8400001525879 11.8400001525879 11.8766670227051 11.9166669845581 11.9166669845581 11.960000038147 12.0033330917358 12.0033330917358 12.0500001907349 12.0966663360596 12.0966663360596 12.1466665267944 12.1988887786865 12.1988887786865 12.2533330917358 12.3077783584595 12.3077783584595 12.3633337020874 12.4188890457153 12.4188890457153 12.472222328186 12.527777671814 12.527777671814 12.5833330154419 12.6366662979126 12.6366662979126 12.6899995803833 12.7433338165283 12.7433338165283 12.7933330535889 12.8411111831665 12.8411111831665 12.8900003433228 12.9355554580688 12.9355554580688
11.5166664123535 11.5222225189209 11.5322227478027 11.5322227478027 11.5477771759033 11.5688886642456 11.5688886642456 11.5933332443237 11.6222219467163 11.6222219467163 11.6555557250977 11.6922225952148 11.6922225952148 11.7344446182251 11.7788887023926 11.7788887023926 11.8288888931274 11.8811111450195 11.8811111450195 11.9388885498047 11.9955558776855 11.9955558776855 12.0566663742065 12.1199998855591 12.1199998855591 12.1833333969116 12.25 12.25 12.3155555725098 12.3833332061768 12.3833332061768 12.4488887786865 12.5144443511963 12.5144443511963 12.5799999237061 12.6466665267944 12.6466665267944 12.7111110687256 12.7744445800781 12.7744445800781 12.8344440460205 12.89222240448 12.89222240448 12.9499998092651 13.0044441223145 13.0044441223145
11.2744445800781 11.2766666412354 11.2855558395386 11.2855558395386 11.3011112213135 11.3222217559814 11.3222217559814 11.3477773666382 11.3833332061768 11.3833332061768 11.4233331680298 11.4644441604614 11.4644441604614 11.5144443511963 11.567777633667 11.567777633667 11.6277780532837 11.6911115646362 11.6911115646362 11.7588891983032 11.8288888931274 11.8288888931274 11.9011106491089 11.9788885116577 11.9788885116577 12.0566663742065 12.135555267334 12.135555267334 12.2133331298828 12.296667098999 12.296667098999 12.3733329772949 12.4555559158325 12.4555559158325 12.5333337783813 12.614444732666 12.614444732666 12.6922225952148 12.7644443511963 12.7644443511963 12.8422222137451 12.9133329391479 12.9133329391479 12.9811115264893 13.0488891601562 13.0488891601562
11.2744445800781 11.2766666412354 11.2855558395386 11.2855558395386 11.3011112213135 11.3222217559814 11.3222217559814 11.3477773666382 11.3833332061768 11.3833332061768 11.4233331680298 11.4644441604614 11.4644441604614 11.5144443511963 11.567777633667 11.567777633667 11.6277780532837 11.6911115646362 11.6911115646362 11.7588891983032 11.8288888931274 11.8288888931274 11.9011106491089 11.9788885116577 11.9788885116577 12.0566663742065 12.135555267334 12.135555267334 12.2133331298828 12.296667098999 12.296667098999 12.3733329772949 12.4555559158325 12.4555559158325 12.5333337783813 12.614444732666 12.614444732666 12.6922225952148 12.7644443511963 12.7644443511963 12.8422222137451 12.9133329391479 12.9133329391479 12.9811115264893 13.0488891601562 13.0488891601562
10.9311113357544 10.9311113357544 10.9366664886475 10.9366664886475 10.9544448852539 10.9799995422363 10.9799995422363 11.0088891983032 11.0444440841675 11.0444440841675 11.0922222137451 11.14222240448 11.14222240448 11.2044448852539 11.2655553817749 11.2655553817749 11.3400001525879 11.4111108779907 11.4111108779907 11.4933338165283 11.5766668319702 11.5766668319702 11.6655559539795 11.7600002288818 11.7600002288818 11.852222442627 11.9499998092651 11.9499998092651 12.046667098999 12.1444444656372 12.1444444656372 12.2422218322754 12.3377780914307 12.3377780914307 12.4344444274902 12.5322217941284 12.5322217941284 12.6222219467163 12.7177782058716 12.7177782058716 12.8044443130493 12.89222240448 12.89222240448 12.9755554199219 13.0544443130493 13.0544443130493
10.4744443893433 10.4711112976074 10.4788885116577 10.4788885116577 10.4933338165283 10.5200004577637 10.5200004577637 10.5544443130493 10.5966663360596 10.5966663360596 10.6499996185303 10.7122220993042 10.7122220993042 10.7799997329712 10.8566665649414 10.8566665649414 10.9411106109619 11.03444480896 11.03444480896 11.1300001144409 11.2333335876465 11.2333335876465 11.3388891220093 11.4499998092651 11.4499998092651 11.5633335113525 11.6811113357544 11.6811113357544 11.7977781295776 11.9177780151367 11.9177780151367 12.033332824707 12.154444694519 12.154444694519 12.2700004577637 12.3833332061768 12.3833332061768 12.4988889694214 12.60777759552 12.60777759552 12.7200002670288 12.8222217559814 12.8222217559814 12.925555229187 13.0188894271851 13.0188894271851
10.4744443893433 10.4711112976074 10.4788885116577 10.4788885116577 10.4933338165283 10.5200004577637 10.5200004577637 10.5544443130493 10.5966663360596 10.5966663360596 10.6499996185303 10.7122220993042 10.7122220993042 10.7799997329712 10.8566665649414 10.8566665649414 10.9411106109619 11.03444480896 11.03444480896 11.1300001144409 11.2333335876465 11.2333335876465 11.3388891220093 11.4499998092651 11.4499998092651 11.5633335113525 11.6811113357544 11.6811113357544 11.7977781295776 11.9177780151367 11.9177780151367 12.033332824707 12.154444694519 12.154444694519 12.2700004577637 12.3833332061768 12.3833332061768 12.4988889694214 12.60777759552 12.60777759552 12.7200002670288 12.8222217559814 12.8222217559814 12.925555229187 13.0188894271851 13.0188894271851
9.87666702270508 9.8711109161377 9.87333297729492 9.87333297729492 9.89111137390137 9.91888904571533 9.91888904571533 9.95888900756836 10.0088891983032 10.0088891983032 10.0711116790771 10.1455554962158 10.1455554962158 10.2288885116577 10.3188886642456 10.3188886642456 10.4233331680298 10.5333337783813 10.5333337783813 10.6499996185303 10.771110534668 10.771110534668 10.904444694519 11.0366668701172 11.0366668701172 11.1744441986084 11.3144445419312 11.3144445419312 11.4555559158325 11.6000003814697 11.6000003814697 11.7444448471069 11.8866662979126 11.8866662979126 12.0288887023926 12.1700000762939 12.1700000762939 12.3044443130493 12.4433336257935 12.4433336257935 12.5711107254028 12.6988887786865 12.6988887786865 12.8222217559814 12.9388885498047 12.9388885498047
9.23000049591064 9.23222255706787 9.23777770996094 9.23777770996094 9.25444412231445 9.27888870239258 9.27888870239258 9.31333351135254 9.35666656494141 9.35666656494141 9.4088888168335 9.47111129760742 9.47111129760742 9.54222202301025 9.64666652679443 9.64666652679443 9.76111125946045 9.88888835906982 9.88888835906982 10.0299997329712 10.1811113357544 10.1811113357544 10.3366670608521 10.4966669082642 10.4966669082642 10.6644439697266 10.8311109542847 10.8311109542847 11.0055551528931 11.1766662597656 11.1766662597656 11.3511114120483 11.5244445800781 11.5244445800781 11.6988887786865 11.8633337020874 11.8633337020874 12.0322217941284 12.1933336257935 12.1933336257935 12.3477773666382 12.5055551528931 12.5055551528931 12.654444694519 12.7944440841675 12.7944440841675
9.23000049591064 9.23222255706787 9.23777770996094 9.23777770996094 9.25444412231445 9.27888870239258 9.27888870239258 9.31333351135254 9.35666656494141 9.35666656494141 9.4088888168335 9.47111129760742 9.47111129760742 9.54222202301025 9.64666652679443 9.64666652679443 9.76111125946045 9.88888835906982 9.88888835906982 10.0299997329712 10.1811113357544 10.1811113357544 10.3366670608521 10.4966669082642 10.4966669082642 10.6644439697266 10.8311109542847 10.8311109542847 11.0055551528931 11.1766662597656 11.1766662597656 11.3511114120483 11.5244445800781 11.5244445800781 11.6988887786865 11.8633337020874 11.8633337020874 12.0322217941284 12.1933336257935 12.1933336257935 12.3477773666382 12.5055551528931 12.5055551528931 12.654444694519 12.7944440841675 12.7944440841675
9.26666641235352 9.28222179412842 9.29777812957764 9.29777812957764 9.31222248077393 9.32666683197021 9.32666683197021 9.34000015258789 9.35333347320557 9.35333347320557 9.36888885498047 9.38111114501953 9.38111114501953 9.39666652679443 9.41777801513672 9.41777801513672 9.43777751922607 9.46777820587158 9.46777820587158 9.52555561065674 9.59666728973389 9.59666728973389 9.70777797698975 9.84666728973389 9.84666728973389 10.0188894271851 10.2177782058716 10.2177782058716 10.4244441986084 10.6333332061768 10.6333332061768 10.8422222137451 11.0500001907349 11.0500001907349 11.2588891983032 11.4622220993042 11.4622220993042 11.6611108779907 11.8555555343628 11.8555555343628 12.0488891601562 12.2299995422363 12.2299995422363 12.4099998474121 12.5811109542847 12.5811109542847
9.49222183227539 9.50777816772461 9.52111148834229 9.52111148834229 9.53666687011719 9.54777812957764 9.54777812957764 9.56333351135254 9.57444381713867 9.57444381713867 9.58777809143066 9.60333347320557 9.60333347320557 9.6144437789917 9.6288890838623 9.6288890838623 9.64666652679443 9.6588888168335 9.6588888168335 9.67777824401855 9.69333362579346 9.69333362579346 9.71333312988281 9.7344446182251 9.7344446182251 9.76444435119629 9.8100004196167 9.8100004196167 9.89777755737305 10.0322217941284 10.0322217941284 10.2177782058716 10.4466667175293 10.4466667175293 10.6944446563721 10.9399995803833 10.9399995803833 11.1788892745972 11.4122219085693 11.4122219085693 11.6411113739014 11.8655557632446 11.8655557632446 12.0799999237061 12.2833337783813 12.2833337783813
9.49222183227539 9.50777816772461 9.52111148834229 9.52111148834229 9.53666687011719 9.54777812957764 9.54777812957764 9.56333351135254 9.57444381713867 9.57444381713867 9.58777809143066 9.60333347320557 9.60333347320557 9.6144437789917 9.6288890838623 9.6288890838623 9.64666652679443 9.6588888168335 9.6588888168335 9.67777824401855 9.69333362579346 9.69333362579346 9.71333312988281 9.7344446182251 9.7344446182251 9.76444435119629 9.8100004196167 9.8100004196167 9.89777755737305 10.0322217941284 10.0322217941284 10.2177782058716 10.4466667175293 10.4466667175293 10.6944446563721 10.9399995803833 10.9399995803833 11.1788892745972 11.4122219085693 11.4122219085693 11.6411113739014 11.8655557632446 11.8655557632446 12.0799999237061 12.2833337783813 12.2833337783813
9.72888851165771 9.743332862854 9.76222229003906 9.76222229003906 9.77666664123535 9.78666687011719 9.78666687011719 9.79888916015625 9.81444454193115 9.81444454193115 9.82333278656006 9.83222198486328 9.83222198486328 9.85000038146973 9.86333274841309 9.86333274841309 9.87333297729492 9.88666725158691 9.88666725158691 9.90444469451904 9.92111110687256 9.92111110687256 9.93777751922607 9.95777797698975 9.95777797698975 9.97999954223633 9.99888896942139 9.99888896942139 10.0255556106567 10.0500001907349 10.0500001907349 10.0777778625488 10.1199998855591 10.1199998855591 10.2133331298828 10.3655557632446 10.3655557632446 10.5822219848633 10.8488893508911 10.8488893508911 11.1244440078735 11.3877773284912 11.3877773284912 11.6455554962158 11.8911113739014 11.8911113739014
9.98555564880371 10.0011110305786 10.0188894271851 10.0188894271851 10.0299997329712 10.0433330535889 10.0433330535889 10.0555553436279 10.0644445419312 10.0644445419312 10.0744438171387 10.0855560302734 10.0855560302734 10.0977783203125 10.1088886260986 10.1088886260986 10.1188888549805 10.1300001144409 10.1300001144409 10.14222240448 10.1622219085693 10.1622219085693 10.1777782440186 10.1944446563721 10.1944446563721 10.2111110687256 10.2311105728149 10.2311105728149 10.2555561065674 10.2788887023926 10.2788887023926 10.3022222518921 10.3311109542847 10.3311109542847 10.3611106872559 10.3888893127441 10.3888893127441 10.4266662597656 10.4866666793823 10.4866666793823 10.614444732666 10.8222227096558 10.8222227096558 11.1000003814697 11.3900003433228 11.3900003433228
9.98555564880371 10.0011110305786 10.0188894271851 10.0188894271851 10.0299997329712 10.0433330535889 10.0433330535889 10.0555553436279 10.0644445419312 10.0644445419312 10.0744438171387 10.0855560302734 10.0855560302734 10.0977783203125 10.1088886260986 10.1088886260986 10.1188888549805 10.1300001144409 10.1300001144409 10.14222240448 10.1622219085693 10.1622219085693 10.1777782440186 10.1944446563721 10.1944446563721 10.2111110687256 10.2311105728149 10.2311105728149 10.2555561065674 10.2788887023926 10.2788887023926 10.3022222518921 10.3311109542847 10.3311109542847 10.3611106872559 10.3888893127441 10.3888893127441 10.4266662597656 10.4866666793823 10.4866666793823 10.614444732666 10.8222227096558 10.8222227096558 11.1000003814697 11.3900003433228 11.3900003433228
10.2622222900391 10.283332824707 10.2944440841675 10.2944440841675 10.3111114501953 10.3199996948242 10.3199996948242 10.3299999237061 10.3444442749023 10.3444442749023 10.3500003814697 10.3566665649414 10.3566665649414 10.364444732666 10.3733329772949 10.3733329772949 10.3822221755981 10.3933334350586 10.3933334350586 10.404444694519 10.4166669845581 10.4166669845581 10.4300003051758 10.4444446563721 10.4444446563721 10.4611110687256 10.4788885116577 10.4788885116577 10.4966669082642 10.5188894271851 10.5188894271851 10.546667098999 10.5699996948242 10.5699996948242 10.5966672897339 10.6266670227051 10.6266670227051 10.6566667556763 10.6888885498047 10.6888885498047 10.722222328186 10.756667137146 10.756667137146 10.8088893890381 10.9311113357544 10.9311113357544
