SimpleInstaller/SampleData/Maxave2013-01-17.asc
ncols         431
nrows         347
xllcorner     112
yllcorner     -44.6
cellsize      0.0999999999999943
NODATA_value  -9999
[rows 120 to 139 of 347, columns 0 to 45 of 431]
16.6100006103516 16.6100006103516 16.7099990844727 16.8199996948242 16.8199996948242 16.9333324432373 17.0555553436279 17.0555553436279 17.1833324432373 17.3166675567627 17.3166675567627 17.4633331298828 17.6188888549805 17.6188888549805 17.78444480896 17.9644451141357 17.9644451141357 18.161111831665 18.3811111450195 18.3811111450195 18.6444435119629 18.966667175293 18.966667175293 19.3788890838623 19.9177780151367 19.9177780151367 20.453332901001 20.6444454193115 20.6444454193115 20.8233337402344 21.0599994659424 21.0599994659424 21.3733329772949 21.8011112213135 21.8011112213135 22.3766670227051 23.1100006103516 23.1100006103516 23.9133338928223 24.3455543518066 24.3455543518066 24.2933330535889 24.6333332061768 24.6333332061768 24.9555549621582 25.1944446563721
16.6100006103516 16.6100006103516 16.7099990844727 16.8199996948242 16.8199996948242 16.9333324432373 17.0555553436279 17.0555553436279 17.1833324432373 17.3166675567627 17.3166675567627 17.4633331298828 17.6188888549805 17.6188888549805 17.78444480896 17.9644451141357 17.9644451141357 18.161111831665 18.3811111450195 18.3811111450195 18.6444435119629 18.966667175293 18.966667175293 19.3788890838623 19.9177780151367 19.9177780151367 20.453332901001 20.6444454193115 20.6444454193115 20.8233337402344 21.0599994659424 21.0599994659424 21.3733329772949 21.8011112213135 21.8011112213135 22.3766670227051 23.1100006103516 23.1100006103516 23.9133338928223 24.3455543518066 24.3455543518066 24.2933330535889 24.6333332061768 24.6333332061768 24.9555549621582 25.1944446563721
16.682222366333 16.682222366333 16.7911109924316 16.8999996185303 16.8999996185303 17.0188884735107 17.1399993896484 17.1399993896484 17.2733325958252 17.4099998474121 17.4099998474121 17.5533332824707 17.7111110687256 17.7111110687256 17.8733329772949 18.0499992370605 18.0499992370605 18.2399997711182 18.453332901001 18.453332901001 18.7122230529785 19.0366668701172 19.0366668701172 19.4744453430176 20.0633335113525 20.0633335113525 20.5833339691162 20.703332901001 20.703332901001 20.8355560302734 21.0044441223145 21.0044441223145 21.2488880157471 21.6044445037842 21.6044445037842 22.1499996185303 22.9366664886475 22.9366664886475 23.852222442627 24.5944442749023 24.5944442749023 24.6166667938232 24.6988887786865 24.6988887786865 25.2533340454102 25.6511116027832
16.7688884735107 16.7688884735107 16.8788890838623 16.9899997711182 16.9899997711182 17.1133327484131 17.2377777099609 17.2377777099609 17.3711109161377 17.5088882446289 17.5088882446289 17.6588897705078 17.8133335113525 17.8133335113525 17.9722213745117 18.1455554962158 18.1455554962158 18.3355560302734 18.5488891601562 18.5488891601562 18.8077774047852 19.148889541626 19.148889541626 19.6255550384521 20.2933330535889 20.2933330535889 20.78444480896 20.8466663360596 20.8466663360596 20.918888092041 21.0188884735107 21.0188884735107 21.1655559539795 21.397777557373 21.397777557373 21.8355560302734 22.6188888549805 22.6188888549805 23.7055549621582 24.7466659545898 24.7466659545898 24.6344432830811 25.2899990081787 25.2899990081787 25.6033325195312 26.0900001525879
16.7688884735107 16.7688884735107 16.8788890838623 16.9899997711182 16.9899997711182 17.1133327484131 17.2377777099609 17.2377777099609 17.3711109161377 17.5088882446289 17.5088882446289 17.6588897705078 17.8133335113525 17.8133335113525 17.9722213745117 18.1455554962158 18.1455554962158 18.3355560302734 18.5488891601562 18.5488891601562 18.8077774047852 19.148889541626 19.148889541626 19.6255550384521 20.2933330535889 20.2933330535889 20.78444480896 20.8466663360596 20.8466663360596 20.918888092041 21.0188884735107 21.0188884735107 21.1655559539795 21.397777557373 21.397777557373 21.8355560302734 22.6188888549805 22.6188888549805 23.7055549621582 24.7466659545898 24.7466659545898 24.6344432830811 25.2899990081787 25.2899990081787 25.6033325195312 26.0900001525879
16.864444732666 16.864444732666 16.978889465332 17.0955562591553 17.0955562591553 17.21555519104 17.3444442749023 17.3444442749023 17.478889465332 17.6211109161377 17.6211109161377 17.7666664123535 17.9211101531982 17.9211101531982 18.0855560302734 18.2577781677246 18.2577781677246 18.4466667175293 18.6588897705078 18.6588897705078 18.9255561828613 19.2855548858643 19.2855548858643 19.8011112213135 20.5455551147461 20.5455551147461 21.0277786254883 21.0488891601562 21.0488891601562 21.0744438171387 21.1177768707275 21.1177768707275 21.1788883209229 21.2666664123535 21.2666664123535 21.5400009155273 22.2722225189209 22.2722225189209 23.4133338928223 24.9355564117432 24.9355564117432 24.8577766418457 25.338888168335 25.338888168335 26.0844440460205 26.4466667175293
16.9688892364502 16.9688892364502 17.0844440460205 17.2066669464111 17.2066669464111 17.3322219848633 17.4622211456299 17.4622211456299 17.6000003814697 17.7444438934326 17.7444438934326 17.8922214508057 18.0499992370605 18.0499992370605 18.2099990844727 18.385555267334 18.385555267334 18.5733337402344 18.7888889312744 18.7888889312744 19.0611114501953 19.4355564117432 19.4355564117432 19.9799995422363 20.7744445800781 20.7744445800781 21.3122215270996 21.3066654205322 21.3066654205322 21.3066654205322 21.3322219848633 21.3322219848633 21.3788890838623 21.466667175293 21.466667175293 21.7455558776855 22.6544437408447 22.6544437408447 23.9966659545898 25.5588893890381 25.5588893890381 25.6322231292725 25.953332901001 25.953332901001 26.2877769470215 26.6455554962158
16.9688892364502 16.9688892364502 17.0844440460205 17.2066669464111 17.2066669464111 17.3322219848633 17.4622211456299 17.4622211456299 17.6000003814697 17.7444438934326 17.7444438934326 17.8922214508057 18.0499992370605 18.0499992370605 18.2099990844727 18.385555267334 18.385555267334 18.5733337402344 18.7888889312744 18.7888889312744 19.0611114501953 19.4355564117432 19.4355564117432 19.9799995422363 20.7744445800781 20.7744445800781 21.3122215270996 21.3066654205322 21.3066654205322 21.3066654205322 21.3322219848633 21.3322219848633 21.3788890838623 21.466667175293 21.466667175293 21.7455558776855 22.6544437408447 22.6544437408447 23.9966659545898 25.5588893890381 25.5588893890381 25.6322231292725 25.953332901001 25.953332901001 26.2877769470215 26.6455554962158
17.0900001525879 17.0900001525879 17.2066669464111 17.3288898468018 17.3288898468018 17.4566669464111 17.5944442749023 17.5944442749023 17.7299995422363 17.8799991607666 17.8799991607666 18.0277786254883 18.1866664886475 18.1866664886475 18.3533325195312 18.5266666412354 18.5266666412354 18.7177772521973 18.9388885498047 18.9388885498047 19.2222213745117 19.6033344268799 19.6033344268799 20.1655559539795 20.9899997711182 20.9899997711182 21.6444454193115 21.6344451904297 21.6344451904297 21.6266670227051 21.6666660308838 21.6666660308838 21.7755565643311 22.0111103057861 22.0111103057861 22.5200004577637 23.4811115264893 23.4811115264893 24.6977787017822 26.2511100769043 26.2511100769043 26.4011116027832 26.1722221374512 26.1722221374512 26.3211116790771 26.9522228240967
17.2177772521973 17.2177772521973 17.3433322906494 17.46555519104 17.46555519104 17.5977783203125 17.7344436645508 17.7344436645508 17.8766670227051 18.0233325958252 18.0233325958252 18.1800003051758 18.3377780914307 18.3377780914307 18.5111103057861 18.6877784729004 18.6877784729004 18.8844451904297 19.1166667938232 19.1166667938232 19.4044437408447 19.8077774047852 19.8077774047852 20.3911113739014 21.2322216033936 21.2322216033936 22.021110534668 22.0533332824707 22.0533332824707 22.0455551147461 22.101110458374 22.101110458374 22.2722225189209 22.6200008392334 22.6200008392334 23.2299995422363 24.1522216796875 24.1522216796875 25.1733341217041 26.4311103820801 26.4311103820801 26.3877773284912 26.3933334350586 26.3933334350586 26.7299995422363 27.3211116790771
17.2177772521973 17.2177772521973 17.3433322906494 17.46555519104 17.46555519104 17.5977783203125 17.7344436645508 17.7344436645508 17.8766670227051 18.0233325958252 18.0233325958252 18.1800003051758 18.3377780914307 18.3377780914307 18.5111103057861 18.6877784729004 18.6877784729004 18.8844451904297 19.1166667938232 19.1166667938232 19.4044437408447 19.8077774047852 19.8077774047852 20.3911113739014 21.2322216033936 21.2322216033936 22.021110534668 22.0533332824707 22.0533332824707 22.0455551147461 22.101110458374 22.101110458374 22.2722225189209 22.6200008392334 22.6200008392334 23.2299995422363 24.1522216796875 24.1522216796875 25.1733341217041 26.4311103820801 26.4311103820801 26.3877773284912 26.3933334350586 26.3933334350586 26.7299995422363 27.3211116790771
17.3577785491943 17.3577785491943 17.4822216033936 17.6122226715088 17.6122226715088 17.7455558776855 17.8877773284912 17.8877773284912 18.033332824707 18.1855564117432 18.1855564117432 18.343334197998 18.5055561065674 18.5055561065674 18.6811103820801 18.8655548095703 18.8655548095703 19.0711116790771 19.3122215270996 19.3122215270996 19.6266670227051 20.0566654205322 20.0566654205322 20.6788883209229 21.5577774047852 21.5577774047852 22.4855556488037 22.5722217559814 22.5722217559814 22.5666656494141 22.6255550384521 22.6255550384521 22.8133335113525 23.1922225952148 23.1922225952148 23.8166656494141 24.5533332824707 24.5533332824707 25.4333324432373 26.3622226715088 26.3622226715088 26.6344451904297 26.7222232818604 26.7222232818604 27.2588882446289 27.7455558776855
17.5100002288818 17.5100002288818 17.6377773284912 17.771110534668 17.771110534668 17.9077777862549 18.0522212982178 18.0522212982178 18.1988887786865 18.3555545806885 18.3555545806885 18.5177783966064 18.6877784729004 18.6877784729004 18.8677787780762 19.0633335113525 19.0633335113525 19.2811107635498 19.5388889312744 19.5388889312744 19.8822231292725 20.3555545806885 20.3555545806885 21.0355548858643 21.9844436645508 21.9844436645508 22.9922218322754 23.1444435119629 23.1444435119629 23.1588897705078 23.2177772521973 23.2177772521973 23.3877773284912 23.7455558776855 23.7455558776855 24.28444480896 24.9400005340576 24.9400005340576 25.771110534668 26.1711101531982 26.1711101531982 26.7266674041748 26.7433338165283 26.7433338165283 27.1733341217041 27.8155555725098
17.5100002288818 17.5100002288818 17.6377773284912 17.771110534668 17.771110534668 17.9077777862549 18.0522212982178 18.0522212982178 18.1988887786865 18.3555545806885 18.3555545806885 18.5177783966064 18.6877784729004 18.6877784729004 18.8677787780762 19.0633335113525 19.0633335113525 19.2811107635498 19.5388889312744 19.5388889312744 19.8822231292725 20.3555545806885 20.3555545806885 21.0355548858643 21.9844436645508 21.9844436645508 22.9922218322754 23.1444435119629 23.1444435119629 23.1588897705078 23.2177772521973 23.2177772521973 23.3877773284912 23.7455558776855 23.7455558776855 24.28444480896 24.9400005340576 24.9400005340576 25.771110534668 26.1711101531982 26.1711101531982 26.7266674041748 26.7433338165283 26.7433338165283 27.1733341217041 27.8155555725098
17.6711101531982 17.6711101531982 17.8044452667236 17.9377784729004 17.9377784729004 18.0788898468018 18.2266674041748 18.2266674041748 18.3811111450195 18.5388889312744 18.5388889312744 18.7077770233154 18.8833332061768 18.8833332061768 19.0733337402344 19.2766666412354 19.2766666412354 19.5088882446289 19.7900009155273 19.7900009155273 20.1633338928223 20.6900005340576 20.6900005340576 21.4366664886475 22.466667175293 22.466667175293 23.445556640625 23.6266670227051 23.6266670227051 23.7044448852539 23.796667098999 23.796667098999 23.9433326721191 24.2544441223145 24.2544441223145 24.6722221374512 25.3655548095703 25.3655548095703 25.9044437408447 26.2999992370605 26.2999992370605 26.7722225189209 26.7511119842529 26.7511119842529 27.3488883972168 27.7533340454102
17.8455562591553 17.8455562591553 17.978889465332 18.1200008392334 18.1200008392334 18.2633323669434 18.4122219085693 18.4122219085693 18.5699996948242 18.736665725708 18.736665725708 18.9088897705078 19.093334197998 19.093334197998 19.2877788543701 19.5033340454102 19.5033340454102 19.75 20.0588893890381 20.0588893890381 20.4699993133545 21.0388889312744 21.0388889312744 21.8422222137451 22.9155559539795 22.9155559539795 23.6911106109619 23.8933334350586 23.8933334350586 24.0699996948242 24.2344455718994 24.2344455718994 24.3966674804688 24.6188888549805 24.6188888549805 25.1233329772949 25.8222217559814 25.8222217559814 26.21555519104 26.7344436645508 26.7344436645508 26.9977779388428 27.2233333587646 27.2233333587646 27.6388893127441 27.763334274292
17.8455562591553 17.8455562591553 17.978889465332 18.1200008392334 18.1200008392334 18.2633323669434 18.4122219085693 18.4122219085693 18.5699996948242 18.736665725708 18.736665725708 18.9088897705078 19.093334197998 19.093334197998 19.2877788543701 19.5033340454102 19.5033340454102 19.75 20.0588893890381 20.0588893890381 20.4699993133545 21.0388889312744 21.0388889312744 21.8422222137451 22.9155559539795 22.9155559539795 23.6911106109619 23.8933334350586 23.8933334350586 24.0699996948242 24.2344455718994 24.2344455718994 24.3966674804688 24.6188888549805 24.6188888549805 25.1233329772949 25.8222217559814 25.8222217559814 26.21555519104 26.7344436645508 26.7344436645508 26.9977779388428 27.2233333587646 27.2233333587646 27.6388893127441 27.763334274292
18.0300006866455 18.0300006866455 18.1677780151367 18.3088893890381 18.3088893890381 18.4544448852539 18.6111106872559 18.6111106872559 18.7722225189209 18.9422225952148 18.9422225952148 19.1233329772949 19.3122215270996 19.3122215270996 19.5188884735107 19.7455558776855 19.7455558776855 20.013334274292 20.3466663360596 20.3466663360596 20.7855548858643 21.3899993896484 21.3899993896484 22.2211112976074 23.2244453430176 23.2244453430176 23.7055549621582 23.953332901001 23.953332901001 24.2122211456299 24.4844436645508 24.4844436645508 24.7755565643311 25.0311107635498 25.0311107635498 25.635555267334 26.1444454193115 26.1444454193115 26.5588893890381 27.0377769470215 27.0377769470215 27.3088893890381 27.6299991607666 27.6299991607666 27.7988891601562 27.885555267334
18.2277774810791 18.2277774810791 18.3666667938232 18.5100002288818 18.5100002288818 18.6622219085693 18.8211116790771 18.8211116790771 18.986665725708 19.1622219085693 19.1622219085693 19.3500003814697 19.5455551147461 19.5455551147461 19.7588882446289 20.0022220611572 20.0022220611572 20.2888889312744 20.6455554962158 20.6455554962158 21.1122226715088 21.7366676330566 21.7366676330566 22.5633335113525 23.343334197998 23.343334197998 23.6466655731201 23.9133338928223 23.9133338928223 24.2144451141357 24.5855560302734 24.5855560302734 24.9211120605469 25.4555549621582 25.4555549621582 25.9855556488037 26.3400001525879 26.3400001525879 26.7600002288818 27.2688884735107 27.2688884735107 27.5644435882568 27.6800003051758 27.6800003051758 27.8833332061768 28.0188884735107
18.2277774810791 18.2277774810791 18.3666667938232 18.5100002288818 18.5100002288818 18.6622219085693 18.8211116790771 18.8211116790771 18.986665725708 19.1622219085693 19.1622219085693 19.3500003814697 19.5455551147461 19.5455551147461 19.7588882446289 20.0022220611572 20.0022220611572 20.2888889312744 20.6455554962158 20.6455554962158 21.1122226715088 21.7366676330566 21.7366676330566 22.5633335113525 23.343334197998 23.343334197998 23.6466655731201 23.9133338928223 23.9133338928223 24.2144451141357 24.5855560302734 24.5855560302734 24.9211120605469 25.4555549621582 25.4555549621582 25.9855556488037 26.3400001525879 26.3400001525879 26.7600002288818 27.2688884735107 27.2688884735107 27.5644435882568 27.6800003051758 27.6800003051758 27.8833332061768 28.0188884735107
