SimpleInstaller/SampleData/Maxave2013-01-17.asc
ncols         431
nrows         347
xllcorner     112
yllcorner     -44.6
cellsize      0.0999999999999943
NODATA_value  -9999
[rows 80 to 99 of 347, columns 276 to 321 of 431]
37.6755561828613 37.6755561828613 38.5066680908203 39.3400001525879 39.3400001525879 40.2200012207031 40.9855537414551 40.9855537414551 41.5366668701172 41.7066688537598 41.7066688537598 41.9744453430176 42.1333312988281 42.1333312988281 42.2444458007812 42.3288879394531 42.3288879394531 42.4599990844727 42.5088882446289 42.5088882446289 42.5555572509766 42.7188873291016 42.7188873291016 43.033332824707 43.0511131286621 43.0511131286621 43.0233345031738 42.9899978637695 42.9899978637695 43.0122222900391 42.9844436645508 42.9844436645508 43.0666656494141 43.1055564880371 43.1055564880371 43.0422210693359 42.7333335876465 42.7333335876465 42.7044448852539 42.3377799987793 42.3377799987793 41.8544464111328 42.1222229003906 42.1222229003906 42.0455551147461 41.7566680908203
38.9022216796875 38.9022216796875 39.5766677856445 40.3088912963867 40.3088912963867 41.0422210693359 41.6700019836426 41.6700019836426 41.9422225952148 42.2211112976074 42.2211112976074 42.4344444274902 42.5322227478027 42.5322227478027 42.5488891601562 42.647777557373 42.647777557373 42.7133331298828 42.6455574035645 42.6455574035645 42.7655563354492 42.9044456481934 42.9044456481934 43.2111129760742 43.3122215270996 43.3122215270996 43.2655563354492 43.2700004577637 43.2700004577637 43.2900009155273 43.3144454956055 43.3144454956055 43.3322219848633 43.4655532836914 43.4655532836914 43.4044456481934 43.1577758789062 43.1577758789062 42.7177772521973 42.4877777099609 42.4877777099609 42.3755569458008 42.5722236633301 42.5722236633301 42.3622207641602 42.1377792358398
38.9022216796875 38.9022216796875 39.5766677856445 40.3088912963867 40.3088912963867 41.0422210693359 41.6700019836426 41.6700019836426 41.9422225952148 42.2211112976074 42.2211112976074 42.4344444274902 42.5322227478027 42.5322227478027 42.5488891601562 42.647777557373 42.647777557373 42.7133331298828 42.6455574035645 42.6455574035645 42.7655563354492 42.9044456481934 42.9044456481934 43.2111129760742 43.3122215270996 43.3122215270996 43.2655563354492 43.2700004577637 43.2700004577637 43.2900009155273 43.3144454956055 43.3144454956055 43.3322219848633 43.4655532836914 43.4655532836914 43.4044456481934 43.1577758789062 43.1577758789062 42.7177772521973 42.4877777099609 42.4877777099609 42.3755569458008 42.5722236633301 42.5722236633301 42.3622207641602 42.1377792358398
40.1122207641602 40.1122207641602 40.5844459533691 41.1988906860352 41.1988906860352 41.8666648864746 42.3966674804688 42.3966674804688 42.7655563354492 42.9111099243164 42.9111099243164 42.9944458007812 42.9477767944336 42.9477767944336 42.906665802002 43.0055541992188 43.0055541992188 42.9700012207031 42.952220916748 42.952220916748 43.102222442627 43.2333335876465 43.2333335876465 43.602222442627 43.6933326721191 43.6933326721191 43.6311111450195 43.6077766418457 43.6077766418457 43.5922241210938 43.5633316040039 43.5633316040039 43.5233345031738 43.5166664123535 43.5166664123535 43.4511108398438 43.3277778625488 43.3277778625488 43.1133346557617 42.8166656494141 42.8166656494141 42.9333343505859 42.9255561828613 42.9255561828613 42.6933326721191 42.4300003051758
41.0499992370605 41.0499992370605 41.4611129760742 41.9977760314941 41.9977760314941 42.5566673278809 43.0400009155273 43.0400009155273 43.3299980163574 43.4000015258789 43.4000015258789 43.3600006103516 43.2988891601562 43.2988891601562 43.2377777099609 43.2266654968262 43.2266654968262 43.162223815918 43.3188896179199 43.3188896179199 43.412223815918 43.668888092041 43.668888092041 44.0277786254883 44.0677795410156 44.0677795410156 43.9633331298828 43.9033317565918 43.9033317565918 43.8766670227051 43.8266677856445 43.8266677856445 43.7933349609375 43.7377777099609 43.7377777099609 43.6266670227051 43.5422210693359 43.5422210693359 43.4777793884277 43.4155540466309 43.4155540466309 43.4177780151367 43.2466659545898 43.2466659545898 42.966667175293 42.6733322143555
41.0499992370605 41.0499992370605 41.4611129760742 41.9977760314941 41.9977760314941 42.5566673278809 43.0400009155273 43.0400009155273 43.3299980163574 43.4000015258789 43.4000015258789 43.3600006103516 43.2988891601562 43.2988891601562 43.2377777099609 43.2266654968262 43.2266654968262 43.162223815918 43.3188896179199 43.3188896179199 43.412223815918 43.668888092041 43.668888092041 44.0277786254883 44.0677795410156 44.0677795410156 43.9633331298828 43.9033317565918 43.9033317565918 43.8766670227051 43.8266677856445 43.8266677856445 43.7933349609375 43.7377777099609 43.7377777099609 43.6266670227051 43.5422210693359 43.5422210693359 43.4777793884277 43.4155540466309 43.4155540466309 43.4177780151367 43.2466659545898 43.2466659545898 42.966667175293 42.6733322143555
41.7544441223145 41.7544441223145 42.1777801513672 42.6100006103516 42.6100006103516 43.0522232055664 43.4277763366699 43.4277763366699 43.5533332824707 43.6555557250977 43.6555557250977 43.6044425964355 43.554443359375 43.554443359375 43.5077781677246 43.4233322143555 43.4233322143555 43.5366668701172 43.6155548095703 43.6155548095703 43.8411102294922 44.0033340454102 44.0033340454102 44.3055534362793 44.2700004577637 44.2700004577637 44.2511100769043 44.1877784729004 44.1877784729004 44.1533317565918 44.1433334350586 44.1433334350586 44.1177787780762 44.0588874816895 44.0588874816895 43.9022216796875 43.7422218322754 43.7422218322754 43.6755561828613 43.5699996948242 43.5699996948242 43.5077781677246 43.3888893127441 43.3888893127441 43.135555267334 42.8166656494141
42.3277778625488 42.3277778625488 42.6577796936035 43.0777778625488 43.0777778625488 43.343334197998 43.4777793884277 43.4777793884277 43.7088890075684 43.7200012207031 43.7200012207031 43.7322235107422 43.6922225952148 43.6922225952148 43.6633338928223 43.6788902282715 43.6788902282715 43.7988891601562 43.9922218322754 43.9922218322754 44.1800003051758 44.2722206115723 44.2722206115723 44.5355567932129 44.5622215270996 44.5622215270996 44.4922218322754 44.461109161377 44.461109161377 44.424446105957 44.418888092041 44.418888092041 44.3611106872559 44.271110534668 44.271110534668 44.1077766418457 43.9377784729004 43.9377784729004 43.7700004577637 43.6922225952148 43.6922225952148 43.5244445800781 43.4366683959961 43.4366683959961 43.2222213745117 42.9500007629395
42.3277778625488 42.3277778625488 42.6577796936035 43.0777778625488 43.0777778625488 43.343334197998 43.4777793884277 43.4777793884277 43.7088890075684 43.7200012207031 43.7200012207031 43.7322235107422 43.6922225952148 43.6922225952148 43.6633338928223 43.6788902282715 43.6788902282715 43.7988891601562 43.9922218322754 43.9922218322754 44.1800003051758 44.2722206115723 44.2722206115723 44.5355567932129 44.5622215270996 44.5622215270996 44.4922218322754 44.461109161377 44.461109161377 44.424446105957 44.418888092041 44.418888092041 44.3611106872559 44.271110534668 44.271110534668 44.1077766418457 43.9377784729004 43.9377784729004 43.7700004577637 43.6922225952148 43.6922225952148 43.5244445800781 43.4366683959961 43.4366683959961 43.2222213745117 42.9500007629395
42.7044448852539 42.7044448852539 43.1377792358398 43.4199981689453 43.4199981689453 43.5466651916504 43.6733322143555 43.6733322143555 43.7633323669434 43.7855567932129 43.7855567932129 43.7955551147461 43.8077774047852 43.8077774047852 43.8555564880371 43.9011116027832 43.9011116027832 44.0444450378418 44.223331451416 44.223331451416 44.418888092041 44.5055541992188 44.5055541992188 44.6888885498047 44.7400016784668 44.7400016784668 44.7544441223145 44.711109161377 44.711109161377 44.6577758789062 44.6233329772949 44.6233329772949 44.5244445800781 44.4355545043945 44.4355545043945 44.2488899230957 44.0455551147461 44.0455551147461 43.8088874816895 43.7266654968262 43.7266654968262 43.6111106872559 43.4433326721191 43.4433326721191 43.2444458007812 42.9599990844727
43.1777763366699 43.1777763366699 43.5511093139648 43.7588882446289 43.7588882446289 43.7477760314941 43.75 43.75 43.7811126708984 43.8477783203125 43.8477783203125 43.8288879394531 43.8888893127441 43.8888893127441 43.9155540466309 44.0177764892578 44.0177764892578 44.1988906860352 44.331111907959 44.331111907959 44.5133323669434 44.554443359375 44.554443359375 44.7611122131348 44.8411102294922 44.8411102294922 44.7844429016113 44.7511100769043 44.7511100769043 44.7077789306641 44.6866645812988 44.6866645812988 44.6722221374512 44.5666656494141 44.5666656494141 44.352222442627 44.0799980163574 44.0799980163574 43.804443359375 43.6877784729004 43.6877784729004 43.6077766418457 43.439998626709 43.439998626709 43.25 43.0044441223145
43.1777763366699 43.1777763366699 43.5511093139648 43.7588882446289 43.7588882446289 43.7477760314941 43.75 43.75 43.7811126708984 43.8477783203125 43.8477783203125 43.8288879394531 43.8888893127441 43.8888893127441 43.9155540466309 44.0177764892578 44.0177764892578 44.1988906860352 44.331111907959 44.331111907959 44.5133323669434 44.554443359375 44.554443359375 44.7611122131348 44.8411102294922 44.8411102294922 44.7844429016113 44.7511100769043 44.7511100769043 44.7077789306641 44.6866645812988 44.6866645812988 44.6722221374512 44.5666656494141 44.5666656494141 44.352222442627 44.0799980163574 44.0799980163574 43.804443359375 43.6877784729004 43.6877784729004 43.6077766418457 43.439998626709 43.439998626709 43.25 43.0044441223145
43.7922210693359 43.7922210693359 44.0355567932129 44.087776184082 44.087776184082 43.8355560302734 43.9211120605469 43.9211120605469 43.9133338928223 43.9444427490234 43.9444427490234 43.939998626709 43.9477767944336 43.9477767944336 43.966667175293 44.1055564880371 44.1055564880371 44.2455558776855 44.406665802002 44.406665802002 44.4933319091797 44.5377769470215 44.5377769470215 44.7722206115723 44.7788887023926 44.7788887023926 44.7311096191406 44.6411094665527 44.6411094665527 44.7000007629395 44.6444435119629 44.6444435119629 44.6722221374512 44.5255546569824 44.5255546569824 44.3555564880371 44.0999984741211 44.0999984741211 43.8277778625488 43.6811103820801 43.6811103820801 43.6033325195312 43.4811096191406 43.4811096191406 43.3122215270996 43.10888671875
44.1133346557617 44.1133346557617 44.1844444274902 44.0655555725098 44.0655555725098 44.1155548095703 44.0277786254883 44.0277786254883 44.0088882446289 44.0255546569824 44.0255546569824 44.0222206115723 44.0355567932129 44.0355567932129 44.0977783203125 44.271110534668 44.271110534668 44.4077796936035 44.4844436645508 44.4844436645508 44.5455551147461 44.5900001525879 44.5900001525879 44.6333312988281 44.6611099243164 44.6611099243164 44.6166648864746 44.6522216796875 44.6522216796875 44.6588897705078 44.6122207641602 44.6122207641602 44.5688896179199 44.452220916748 44.452220916748 44.331111907959 44.0688896179199 44.0688896179199 43.8899993896484 43.7566680908203 43.7566680908203 43.6711120605469 43.5911102294922 43.5911102294922 43.4500007629395 43.283332824707
44.1133346557617 44.1133346557617 44.1844444274902 44.0655555725098 44.0655555725098 44.1155548095703 44.0277786254883 44.0277786254883 44.0088882446289 44.0255546569824 44.0255546569824 44.0222206115723 44.0355567932129 44.0355567932129 44.0977783203125 44.271110534668 44.271110534668 44.4077796936035 44.4844436645508 44.4844436645508 44.5455551147461 44.5900001525879 44.5900001525879 44.6333312988281 44.6611099243164 44.6611099243164 44.6166648864746 44.6522216796875 44.6522216796875 44.6588897705078 44.6122207641602 44.6122207641602 44.5688896179199 44.452220916748 44.452220916748 44.331111907959 44.0688896179199 44.0688896179199 43.8899993896484 43.7566680908203 43.7566680908203 43.6711120605469 43.5911102294922 43.5911102294922 43.4500007629395 43.283332824707
44.0288887023926 44.0288887023926 44.2455558776855 44.4233322143555 44.4233322143555 44.3677787780762 44.2477798461914 44.2477798461914 44.1733322143555 44.1199989318848 44.1199989318848 44.1133346557617 44.114444732666 44.114444732666 44.2388877868652 44.3166656494141 44.3166656494141 44.412223815918 44.4777793884277 44.4777793884277 44.5999984741211 44.6066665649414 44.6066665649414 44.587776184082 44.5677795410156 44.5677795410156 44.5999984741211 44.5800018310547 44.5800018310547 44.5588874816895 44.5133323669434 44.5133323669434 44.4744453430176 44.4077758789062 44.4077758789062 44.283332824707 44.1011123657227 44.1011123657227 43.9855537414551 43.8988876342773 43.8988876342773 43.8133316040039 43.7344436645508 43.7344436645508 43.6244430541992 43.5188903808594
44.0833320617676 44.0833320617676 44.3211097717285 44.5088882446289 44.5088882446289 44.5777778625488 44.5133323669434 44.5133323669434 44.406665802002 44.2777786254883 44.2777786254883 44.25 44.2477760314941 44.2477760314941 44.3555564880371 44.3822212219238 44.3822212219238 44.3366661071777 44.4477767944336 44.4477767944336 44.5744438171387 44.5099983215332 44.5099983215332 44.5255546569824 44.5411109924316 44.5411109924316 44.5744438171387 44.533332824707 44.533332824707 44.4777793884277 44.4544448852539 44.4544448852539 44.4377784729004 44.364444732666 44.364444732666 44.2855567932129 44.1855545043945 44.1855545043945 44.114444732666 44.033332824707 44.033332824707 43.9688873291016 43.9233322143555 43.9233322143555 43.8655548095703 43.8366661071777
44.0833320617676 44.0833320617676 44.3211097717285 44.5088882446289 44.5088882446289 44.5777778625488 44.5133323669434 44.5133323669434 44.406665802002 44.2777786254883 44.2777786254883 44.25 44.2477760314941 44.2477760314941 44.3555564880371 44.3822212219238 44.3822212219238 44.3366661071777 44.4477767944336 44.4477767944336 44.5744438171387 44.5099983215332 44.5099983215332 44.5255546569824 44.5411109924316 44.5411109924316 44.5744438171387 44.533332824707 44.533332824707 44.4777793884277 44.4544448852539 44.4544448852539 44.4377784729004 44.364444732666 44.364444732666 44.2855567932129 44.1855545043945 44.1855545043945 44.114444732666 44.033332824707 44.033332824707 43.9688873291016 43.9233322143555 43.9233322143555 43.8655548095703 43.8366661071777
44.1633338928223 44.1633338928223 44.4222221374512 44.5644454956055 44.5644454956055 44.6644439697266 44.6577796936035 44.6577796936035 44.575553894043 44.4344444274902 44.4344444274902 44.3677787780762 44.4288902282715 44.4288902282715 44.4411125183105 44.533332824707 44.533332824707 44.4222221374512 44.4000015258789 44.4000015258789 44.4877777099609 44.5855560302734 44.5855560302734 44.602222442627 44.6111106872559 44.6111106872559 44.5655555725098 44.5422210693359 44.5422210693359 44.5244445800781 44.4955558776855 44.4955558776855 44.4288902282715 44.3844451904297 44.3844451904297 44.3155555725098 44.2677764892578 44.2677764892578 44.243335723877 44.216667175293 44.216667175293 44.2266654968262 44.2244453430176 44.2244453430176 44.2188873291016 44.2033348083496
44.2944450378418 44.2944450378418 44.4255561828613 44.6333351135254 44.6333351135254 44.7355537414551 44.7744445800781 44.7744445800781 44.6633338928223 44.5144424438477 44.5144424438477 44.4599990844727 44.5366668701172 44.5366668701172 44.5555534362793 44.6077766418457 44.6077766418457 44.5633316040039 44.5377769470215 44.5377769470215 44.5011100769043 44.6588897705078 44.6588897705078 44.7066688537598 44.7511100769043 44.7511100769043 44.6922225952148 44.647777557373 44.647777557373 44.6733322143555 44.6155548095703 44.6155548095703 44.587776184082 44.5411109924316 44.5411109924316 44.478889465332 44.4377784729004 44.4377784729004 44.4288902282715 44.4511108398438 44.4511108398438 44.4966659545898 44.5533332824707 44.5533332824707 44.560001373291 44.5177764892578
