SimpleInstaller/SampleData/Maxave2013-01-17.asc
ncols         431
nrows         347
xllcorner     112
yllcorner     -44.6
cellsize      0.0999999999999943
NODATA_value  -9999
[rows 240 to 259 of 347, columns 276 to 321 of 431]
34.6588897705078 34.6588897705078 34.4511108398438 34.3933334350586 34.3933334350586 34.6333351135254 34.8322219848633 34.8322219848633 34.9755554199219 35.0611114501953 35.0611114501953 35.1599998474121 35.3533325195312 35.3533325195312 35.6277770996094 35.918888092041 35.918888092041 36.2088890075684 36.4166679382324 36.4166679382324 36.5422210693359 36.6344451904297 36.6344451904297 36.560001373291 36.5533332824707 36.5533332824707 36.4888877868652 36.3611106872559 36.3611106872559 36.2333335876465 36.1511116027832 36.1511116027832 36.0822219848633 36.1311111450195 36.1311111450195 36.0900001525879 35.9866676330566 35.9866676330566 35.9322242736816 35.8266677856445 35.8266677856445 35.6233329772949 35.5511131286621 35.5511131286621 35.7322235107422 35.1866683959961
34.6588897705078 34.6588897705078 34.4511108398438 34.3933334350586 34.3933334350586 34.6333351135254 34.8322219848633 34.8322219848633 34.9755554199219 35.0611114501953 35.0611114501953 35.1599998474121 35.3533325195312 35.3533325195312 35.6277770996094 35.918888092041 35.918888092041 36.2088890075684 36.4166679382324 36.4166679382324 36.5422210693359 36.6344451904297 36.6344451904297 36.560001373291 36.5533332824707 36.5533332824707 36.4888877868652 36.3611106872559 36.3611106872559 36.2333335876465 36.1511116027832 36.1511116027832 36.0822219848633 36.1311111450195 36.1311111450195 36.0900001525879 35.9866676330566 35.9866676330566 35.9322242736816 35.8266677856445 35.8266677856445 35.6233329772949 35.5511131286621 35.5511131286621 35.7322235107422 35.1866683959961
34.4844436645508 34.4844436645508 34.5822219848633 34.3533325195312 34.3533325195312 34.7400016784668 34.7844429016113 34.7844429016113 34.9411125183105 34.9799995422363 34.9799995422363 35.0411109924316 35.2144432067871 35.2144432067871 35.5222206115723 35.8666648864746 35.8666648864746 36.1322212219238 36.331111907959 36.331111907959 36.4844436645508 36.521110534668 36.521110534668 36.5044441223145 36.5099983215332 36.5099983215332 36.4266662597656 36.2777786254883 36.2777786254883 36.0722236633301 35.9355545043945 35.9355545043945 35.8699989318848 35.8733329772949 35.8733329772949 35.8244438171387 35.7511100769043 35.7511100769043 35.635555267334 35.533332824707 35.533332824707 35.4866676330566 35.3144454956055 35.3144454956055 34.9822235107422 34.6500015258789
34.5733337402344 34.5733337402344 34.6077766418457 34.6444435119629 34.6444435119629 34.7688903808594 34.695556640625 34.695556640625 34.8022232055664 34.8655548095703 34.8655548095703 34.945556640625 35.087776184082 35.087776184082 35.3866653442383 35.7688903808594 35.7688903808594 36.0066680908203 36.2311096191406 36.2311096191406 36.3499984741211 36.3477783203125 36.3477783203125 36.4222221374512 36.3933334350586 36.3933334350586 36.2877769470215 36.0788879394531 36.0788879394531 35.8955535888672 35.8055572509766 35.8055572509766 35.6488876342773 35.6088905334473 35.6088905334473 35.5244445800781 35.4022216796875 35.4022216796875 35.2777786254883 35.1177787780762 35.1177787780762 34.9722213745117 34.9811096191406 34.9811096191406 34.6488876342773 34.087776184082
34.5733337402344 34.5733337402344 34.6077766418457 34.6444435119629 34.6444435119629 34.7688903808594 34.695556640625 34.695556640625 34.8022232055664 34.8655548095703 34.8655548095703 34.945556640625 35.087776184082 35.087776184082 35.3866653442383 35.7688903808594 35.7688903808594 36.0066680908203 36.2311096191406 36.2311096191406 36.3499984741211 36.3477783203125 36.3477783203125 36.4222221374512 36.3933334350586 36.3933334350586 36.2877769470215 36.0788879394531 36.0788879394531 35.8955535888672 35.8055572509766 35.8055572509766 35.6488876342773 35.6088905334473 35.6088905334473 35.5244445800781 35.4022216796875 35.4022216796875 35.2777786254883 35.1177787780762 35.1177787780762 34.9722213745117 34.9811096191406 34.9811096191406 34.6488876342773 34.087776184082
34.6511116027832 34.6511116027832 34.8566665649414 34.8222198486328 34.8222198486328 34.8766670227051 34.7111129760742 34.7111129760742 34.7955551147461 34.8699989318848 34.8699989318848 34.9500007629395 35.1344451904297 35.1344451904297 35.3633346557617 35.6522216796875 35.6522216796875 35.8722229003906 36.0144462585449 36.0144462585449 36.1133346557617 36.1777763366699 36.1777763366699 36.1633338928223 36.1044464111328 36.1044464111328 36.0011100769043 35.9088897705078 35.9088897705078 35.8011131286621 35.6711120605469 35.6711120605469 35.5044441223145 35.3622207641602 35.3622207641602 35.2766647338867 35.1044425964355 35.1044425964355 35.0133323669434 34.8222236633301 34.8222236633301 34.7000007629395 34.2177772521973 34.2177772521973 33.8499984741211 33.1944427490234
34.4877777099609 34.4877777099609 34.7333335876465 34.7466659545898 34.7466659545898 34.9511108398438 34.804443359375 34.804443359375 34.8822212219238 34.9922218322754 34.9922218322754 35.0855560302734 35.1866645812988 35.1866645812988 35.3422203063965 35.5377769470215 35.5377769470215 35.6677780151367 35.7755546569824 35.7755546569824 35.8444442749023 35.85888671875 35.85888671875 35.8533325195312 35.8122215270996 35.8122215270996 35.7855567932129 35.702220916748 35.702220916748 35.6055564880371 35.5011100769043 35.5011100769043 35.3766670227051 35.2222213745117 35.2222213745117 35.0711097717285 34.9177780151367 34.9177780151367 34.7066650390625 34.397777557373 34.397777557373 34.0166664123535 33.4388885498047 33.4388885498047 33.0277786254883 32.424446105957
34.4877777099609 34.4877777099609 34.7333335876465 34.7466659545898 34.7466659545898 34.9511108398438 34.804443359375 34.804443359375 34.8822212219238 34.9922218322754 34.9922218322754 35.0855560302734 35.1866645812988 35.1866645812988 35.3422203063965 35.5377769470215 35.5377769470215 35.6677780151367 35.7755546569824 35.7755546569824 35.8444442749023 35.85888671875 35.85888671875 35.8533325195312 35.8122215270996 35.8122215270996 35.7855567932129 35.702220916748 35.702220916748 35.6055564880371 35.5011100769043 35.5011100769043 35.3766670227051 35.2222213745117 35.2222213745117 35.0711097717285 34.9177780151367 34.9177780151367 34.7066650390625 34.397777557373 34.397777557373 34.0166664123535 33.4388885498047 33.4388885498047 33.0277786254883 32.424446105957
34.5833320617676 34.5833320617676 34.5511131286621 34.7955551147461 34.7955551147461 34.9611129760742 34.9033317565918 34.9033317565918 34.9411125183105 35.0244445800781 35.0244445800781 35.1411094665527 35.2177772521973 35.2177772521973 35.3033332824707 35.4388885498047 35.4388885498047 35.5155563354492 35.5822219848633 35.5822219848633 35.5900001525879 35.5966644287109 35.5966644287109 35.6111106872559 35.6166648864746 35.6166648864746 35.5799980163574 35.5122222900391 35.5122222900391 35.412223815918 35.310001373291 35.310001373291 35.168888092041 35.0355567932129 35.0355567932129 34.8422241210938 34.6977767944336 34.6977767944336 34.2577781677246 33.5499992370605 33.5499992370605 32.8788909912109 32.6199989318848 32.6199989318848 32.593334197998 31.9944438934326
34.7811126708984 34.7811126708984 34.9088897705078 34.9544448852539 34.9544448852539 35.0777778625488 34.9222221374512 34.9222221374512 34.9844436645508 34.9744453430176 34.9744453430176 35.1111106872559 35.1711120605469 35.1711120605469 35.2400016784668 35.3133354187012 35.3133354187012 35.3411102294922 35.3755569458008 35.3755569458008 35.3877792358398 35.4155540466309 35.4155540466309 35.4411125183105 35.4533348083496 35.4533348083496 35.4022216796875 35.3411102294922 35.3411102294922 35.2644462585449 35.1733322143555 35.1733322143555 35.0444450378418 34.9044456481934 34.9044456481934 34.647777557373 34.2822227478027 34.2822227478027 34.10888671875 33.297779083252 33.297779083252 32.3299980163574 31.8755550384521 31.8755550384521 31.8722229003906 31.7700004577637
34.7811126708984 34.7811126708984 34.9088897705078 34.9544448852539 34.9544448852539 35.0777778625488 34.9222221374512 34.9222221374512 34.9844436645508 34.9744453430176 34.9744453430176 35.1111106872559 35.1711120605469 35.1711120605469 35.2400016784668 35.3133354187012 35.3133354187012 35.3411102294922 35.3755569458008 35.3755569458008 35.3877792358398 35.4155540466309 35.4155540466309 35.4411125183105 35.4533348083496 35.4533348083496 35.4022216796875 35.3411102294922 35.3411102294922 35.2644462585449 35.1733322143555 35.1733322143555 35.0444450378418 34.9044456481934 34.9044456481934 34.647777557373 34.2822227478027 34.2822227478027 34.10888671875 33.297779083252 33.297779083252 32.3299980163574 31.8755550384521 31.8755550384521 31.8722229003906 31.7700004577637
34.9744453430176 34.9744453430176 35.1244430541992 35.0977783203125 35.0977783203125 35.0911102294922 34.9288902282715 34.9288902282715 34.978889465332 34.9255561828613 34.9255561828613 35.0077781677246 35.0900001525879 35.0900001525879 35.1444435119629 35.1699981689453 35.1699981689453 35.2033348083496 35.2355537414551 35.2355537414551 35.2455558776855 35.2788887023926 35.2788887023926 35.2888870239258 35.2844429016113 35.2844429016113 35.2433319091797 35.202220916748 35.202220916748 35.1344451904297 35.0633354187012 35.0633354187012 34.945556640625 34.75 34.75 34.4944458007812 34.1922225952148 34.1922225952148 33.5188903808594 32.924446105957 32.924446105957 32.7733345031738 32.5 32.5 31.6577777862549 31.5233325958252
35.0922203063965 35.0922203063965 35.2144432067871 35.1533317565918 35.1533317565918 35.0411109924316 34.939998626709 34.939998626709 34.9477767944336 34.8488883972168 34.8488883972168 34.9711112976074 35.0222206115723 35.0222206115723 35.0155563354492 35.0433349609375 35.0433349609375 35.0644454956055 35.102222442627 35.102222442627 35.1344451904297 35.1388893127441 35.1388893127441 35.1222229003906 35.0822219848633 35.0822219848633 35.0722236633301 35.0522232055664 35.0522232055664 35.0200004577637 34.9633331298828 34.9633331298828 34.9000015258789 34.7555541992188 34.7555541992188 34.5944442749023 34.3088874816895 34.3088874816895 33.6344451904297 33.6511116027832 33.6511116027832 33.4533348083496 33.0099983215332 33.0099983215332 32.3244438171387 32.0366668701172
35.0922203063965 35.0922203063965 35.2144432067871 35.1533317565918 35.1533317565918 35.0411109924316 34.939998626709 34.939998626709 34.9477767944336 34.8488883972168 34.8488883972168 34.9711112976074 35.0222206115723 35.0222206115723 35.0155563354492 35.0433349609375 35.0433349609375 35.0644454956055 35.102222442627 35.102222442627 35.1344451904297 35.1388893127441 35.1388893127441 35.1222229003906 35.0822219848633 35.0822219848633 35.0722236633301 35.0522232055664 35.0522232055664 35.0200004577637 34.9633331298828 34.9633331298828 34.9000015258789 34.7555541992188 34.7555541992188 34.5944442749023 34.3088874816895 34.3088874816895 33.6344451904297 33.6511116027832 33.6511116027832 33.4533348083496 33.0099983215332 33.0099983215332 32.3244438171387 32.0366668701172
35.1588897705078 35.1588897705078 35.2188873291016 35.1211128234863 35.1211128234863 34.9966659545898 34.8822212219238 34.8822212219238 34.8722229003906 34.8499984741211 34.8499984741211 34.9022216796875 34.8899993896484 34.8899993896484 34.9055557250977 34.9333343505859 34.9333343505859 34.9599990844727 34.973331451416 34.973331451416 34.9777793884277 34.9755554199219 34.9755554199219 34.9622230529785 34.9366683959961 34.9366683959961 34.9266662597656 34.9055557250977 34.9055557250977 34.8733329772949 34.831111907959 34.831111907959 34.7411117553711 34.6444435119629 34.6444435119629 34.4411125183105 34.1011123657227 34.1011123657227 33.885555267334 33.8722229003906 33.8722229003906 33.424446105957 32.8022232055664 32.8022232055664 32.3499984741211 32.2700004577637
35.3811111450195 35.3811111450195 35.2411117553711 35.0744438171387 35.0744438171387 34.9366645812988 34.7966651916504 34.7966651916504 34.7211112976074 34.7666664123535 34.7666664123535 34.776668548584 34.7722206115723 34.7722206115723 34.7955551147461 34.8344459533691 34.8344459533691 34.8500022888184 34.852222442627 34.852222442627 34.8555564880371 34.8466682434082 34.8466682434082 34.8155555725098 34.8077774047852 34.8077774047852 34.7911109924316 34.7722244262695 34.7722244262695 34.776668548584 34.7333335876465 34.7333335876465 34.635555267334 34.4677772521973 34.4677772521973 34.2466659545898 33.9755554199219 33.9755554199219 34.0677757263184 33.75 33.75 33.2266654968262 32.6655540466309 32.6655540466309 32.3588905334473 32.325553894043
35.3811111450195 35.3811111450195 35.2411117553711 35.0744438171387 35.0744438171387 34.9366645812988 34.7966651916504 34.7966651916504 34.7211112976074 34.7666664123535 34.7666664123535 34.776668548584 34.7722206115723 34.7722206115723 34.7955551147461 34.8344459533691 34.8344459533691 34.8500022888184 34.852222442627 34.852222442627 34.8555564880371 34.8466682434082 34.8466682434082 34.8155555725098 34.8077774047852 34.8077774047852 34.7911109924316 34.7722244262695 34.7722244262695 34.776668548584 34.7333335876465 34.7333335876465 34.635555267334 34.4677772521973 34.4677772521973 34.2466659545898 33.9755554199219 33.9755554199219 34.0677757263184 33.75 33.75 33.2266654968262 32.6655540466309 32.6655540466309 32.3588905334473 32.325553894043
35.4311103820801 35.4311103820801 35.2400016784668 34.9955558776855 34.9955558776855 34.8466682434082 34.7122230529785 34.7122230529785 34.6288909912109 34.647777557373 34.647777557373 34.6377792358398 34.6511116027832 34.6511116027832 34.6833343505859 34.7177772521973 34.7177772521973 34.7355537414551 34.7455558776855 34.7455558776855 34.7322235107422 34.711109161377 34.711109161377 34.668888092041 34.6344451904297 34.6344451904297 34.6300010681152 34.6255569458008 34.6255569458008 34.6177787780762 34.5866661071777 34.5866661071777 34.3633346557617 33.9055557250977 33.9055557250977 33.9577789306641 34.0566673278809 34.0566673278809 34.0688896179199 33.8411102294922 33.8411102294922 33.2299995422363 32.2866668701172 32.2866668701172 32.837776184082 33.033332824707
35.3477783203125 35.3477783203125 35.1111106872559 34.8455543518066 34.8455543518066 34.7155570983887 34.6266670227051 34.6266670227051 34.4900016784668 34.4877777099609 34.4877777099609 34.5322227478027 34.5588874816895 34.5588874816895 34.6011123657227 34.6111106872559 34.6111106872559 34.6455535888672 34.6344451904297 34.6344451904297 34.6100006103516 34.5622215270996 34.5622215270996 34.5077781677246 34.4488868713379 34.4488868713379 34.4177780151367 34.418888092041 34.418888092041 34.3699989318848 34.2988891601562 34.2988891601562 34.0311088562012 34.0977783203125 34.0977783203125 34.1322212219238 34.2455558776855 34.2455558776855 34.2700004577637 33.8155555725098 33.8155555725098 33.5244445800781 32.5844459533691 32.5844459533691 32.7633323669434 33.162223815918
35.3477783203125 35.3477783203125 35.1111106872559 34.8455543518066 34.8455543518066 34.7155570983887 34.6266670227051 34.6266670227051 34.4900016784668 34.4877777099609 34.4877777099609 34.5322227478027 34.5588874816895 34.5588874816895 34.6011123657227 34.6111106872559 34.6111106872559 34.6455535888672 34.6344451904297 34.6344451904297 34.6100006103516 34.5622215270996 34.5622215270996 34.5077781677246 34.4488868713379 34.4488868713379 34.4177780151367 34.418888092041 34.418888092041 34.3699989318848 34.2988891601562 34.2988891601562 34.0311088562012 34.0977783203125 34.0977783203125 34.1322212219238 34.2455558776855 34.2455558776855 34.2700004577637 33.8155555725098 33.8155555725098 33.5244445800781 32.5844459533691 32.5844459533691 32.7633323669434 33.162223815918
